{
 "cells": [
  {
   "cell_type": "markdown",
   "id": "9f55eac8-86cb-4d59-9fea-2b23fc619fe4",
   "metadata": {},
   "source": [
    "## Genome Generation\n",
    "Given a number of chromosome pairs and genes, randomly generates chromosomes with genes distributed at random indices throughout."
   ]
  },
  {
   "cell_type": "code",
   "execution_count": 1,
   "id": "035d0468-1bfd-49aa-ab8f-8d12f9785f17",
   "metadata": {},
   "outputs": [],
   "source": [
    "# import packages\n",
    "import random\n",
    "import string\n",
    "import pandas as pd\n",
    "import matplotlib.pyplot as plt\n",
    "import itertools\n",
    "import numpy as np\n",
    "import networkx as nx\n",
    "from IPython.display import display\n",
    "# import functions\n",
    "from functions import *\n",
    "from genome_generator import *\n",
    "from meiosis_simu import *"
   ]
  },
  {
   "cell_type": "code",
   "execution_count": 2,
   "id": "3afc1f57-ba17-4956-92da-bae124530c1a",
   "metadata": {},
   "outputs": [
    {
     "name": "stdout",
     "output_type": "stream",
     "text": [
      "\n",
      "=== Chr1 | Length: 1220 bp ===\n",
      "Gene  Position ChrA_Before ChrB_Before\n",
      "   C       234           C           c\n",
      "   P       347           P           p\n",
      "   S       485           S           s\n",
      "   D       624           D           d\n",
      "   H       715           H           h\n",
      "   E       998           E           e\n",
      "   F      1189           F           f\n",
      "\n",
      "=== Chr2 | Length: 1269 bp ===\n",
      "Gene  Position ChrA_Before ChrB_Before\n",
      "   A        99           A           a\n",
      "   T       516           T           t\n",
      "   Q       891           Q           q\n",
      "   B       975           B           b\n",
      "   G       991           G           g\n",
      "   N      1228           N           n\n",
      "\n",
      "=== Chr3 | Length: 1190 bp ===\n",
      "Gene  Position ChrA_Before ChrB_Before\n",
      "   I       272           I           i\n",
      "   K       347           K           k\n",
      "   O       355           O           o\n",
      "   L       440           L           l\n",
      "   M       510           M           m\n",
      "   R       819           R           r\n",
      "   J       918           J           j\n"
     ]
    }
   ],
   "source": [
    "genome=genomecreate(3, 20, 407)\n",
    "print_genome(genome)"
   ]
  },
  {
   "cell_type": "code",
   "execution_count": 3,
   "id": "384da209-7502-47d0-9cb8-e67a70db24e3",
   "metadata": {
    "scrolled": true
   },
   "outputs": [
    {
     "name": "stdout",
     "output_type": "stream",
     "text": [
      "                                            Genotype\n",
      "0  aa/bb/cc/dd/ee/ff/gg/hh/Ii/Jj/Kk/Ll/Mm/nn/Oo/p...\n",
      "1  aa/bb/Cc/Dd/Ee/Ff/gg/Hh/Ii/jj/kk/ll/mm/Nn/oo/P...\n",
      "2  Aa/bb/Cc/Dd/Ee/Ff/gg/Hh/Ii/jj/Kk/Ll/Mm/nn/Oo/P...\n",
      "3  aa/Bb/cc/dd/ee/ff/Gg/hh/ii/Jj/kk/ll/mm/Nn/oo/p...\n",
      "4  Aa/Bb/cc/dd/ee/ff/Gg/hh/Ii/jj/Kk/Ll/Mm/Nn/Oo/p...\n"
     ]
    }
   ],
   "source": [
    "genotypes=[]\n",
    "\n",
    "for _ in range(2000):\n",
    "    g1 = meiosis(genome)\n",
    "    genotype = fertilization(g1,\"a,b,c,d,e,f,g,h,i,j,k,l,m,n,o,p,q,r,s,t\")\n",
    "    genotypes.append(genotype)\n",
    "    df_genotypes = pd.DataFrame(genotypes, columns=[\"Genotype\"])\n",
    "\n",
    "print(df_genotypes.head())"
   ]
  },
  {
   "cell_type": "code",
   "execution_count": 4,
   "id": "9f50863c-0836-4ff8-91fd-d19923e978f9",
   "metadata": {},
   "outputs": [],
   "source": [
    "genotypes2=[]\n",
    "\n",
    "for _ in range(1000):\n",
    "    g1 = meiosis(genome)\n",
    "    g2=meiosis(genome)\n",
    "    genotype = fertilization(g1,g2)\n",
    "    genotypes2.append(genotype)\n",
    "    df_genotypes2 = pd.DataFrame(genotypes2, columns=[\"Genotype\"])"
   ]
  },
  {
   "cell_type": "code",
   "execution_count": 5,
   "id": "4d769192-ace2-45f2-b119-5d0abab06672",
   "metadata": {},
   "outputs": [
    {
     "name": "stdout",
     "output_type": "stream",
     "text": [
      "float64\n"
     ]
    },
    {
     "data": {
      "text/html": [
       "<div>\n",
       "<style scoped>\n",
       "    .dataframe tbody tr th:only-of-type {\n",
       "        vertical-align: middle;\n",
       "    }\n",
       "\n",
       "    .dataframe tbody tr th {\n",
       "        vertical-align: top;\n",
       "    }\n",
       "\n",
       "    .dataframe thead th {\n",
       "        text-align: right;\n",
       "    }\n",
       "</style>\n",
       "<table border=\"1\" class=\"dataframe\">\n",
       "  <thead>\n",
       "    <tr style=\"text-align: right;\">\n",
       "      <th></th>\n",
       "      <th>A</th>\n",
       "      <th>B</th>\n",
       "      <th>C</th>\n",
       "      <th>D</th>\n",
       "      <th>E</th>\n",
       "      <th>F</th>\n",
       "      <th>G</th>\n",
       "      <th>H</th>\n",
       "      <th>I</th>\n",
       "      <th>J</th>\n",
       "      <th>K</th>\n",
       "      <th>L</th>\n",
       "      <th>M</th>\n",
       "      <th>N</th>\n",
       "      <th>O</th>\n",
       "      <th>P</th>\n",
       "      <th>Q</th>\n",
       "      <th>R</th>\n",
       "      <th>S</th>\n",
       "      <th>T</th>\n",
       "    </tr>\n",
       "  </thead>\n",
       "  <tbody>\n",
       "    <tr>\n",
       "      <th>A</th>\n",
       "      <td>0.00</td>\n",
       "      <td>36.20</td>\n",
       "      <td>52.25</td>\n",
       "      <td>51.40</td>\n",
       "      <td>51.30</td>\n",
       "      <td>50.20</td>\n",
       "      <td>36.75</td>\n",
       "      <td>51.60</td>\n",
       "      <td>49.90</td>\n",
       "      <td>50.95</td>\n",
       "      <td>50.65</td>\n",
       "      <td>50.95</td>\n",
       "      <td>51.05</td>\n",
       "      <td>45.85</td>\n",
       "      <td>50.75</td>\n",
       "      <td>51.45</td>\n",
       "      <td>32.45</td>\n",
       "      <td>51.15</td>\n",
       "      <td>51.05</td>\n",
       "      <td>18.00</td>\n",
       "    </tr>\n",
       "    <tr>\n",
       "      <th>B</th>\n",
       "      <td>36.20</td>\n",
       "      <td>0.00</td>\n",
       "      <td>50.85</td>\n",
       "      <td>50.90</td>\n",
       "      <td>51.60</td>\n",
       "      <td>51.90</td>\n",
       "      <td>0.55</td>\n",
       "      <td>51.10</td>\n",
       "      <td>48.80</td>\n",
       "      <td>48.95</td>\n",
       "      <td>48.85</td>\n",
       "      <td>48.55</td>\n",
       "      <td>49.05</td>\n",
       "      <td>9.65</td>\n",
       "      <td>48.95</td>\n",
       "      <td>51.35</td>\n",
       "      <td>3.75</td>\n",
       "      <td>48.95</td>\n",
       "      <td>51.55</td>\n",
       "      <td>18.20</td>\n",
       "    </tr>\n",
       "    <tr>\n",
       "      <th>C</th>\n",
       "      <td>52.25</td>\n",
       "      <td>50.85</td>\n",
       "      <td>0.00</td>\n",
       "      <td>16.45</td>\n",
       "      <td>31.75</td>\n",
       "      <td>39.25</td>\n",
       "      <td>51.00</td>\n",
       "      <td>20.35</td>\n",
       "      <td>50.25</td>\n",
       "      <td>51.40</td>\n",
       "      <td>50.30</td>\n",
       "      <td>50.30</td>\n",
       "      <td>49.90</td>\n",
       "      <td>50.20</td>\n",
       "      <td>50.10</td>\n",
       "      <td>4.20</td>\n",
       "      <td>50.90</td>\n",
       "      <td>50.90</td>\n",
       "      <td>9.70</td>\n",
       "      <td>51.65</td>\n",
       "    </tr>\n",
       "    <tr>\n",
       "      <th>D</th>\n",
       "      <td>51.40</td>\n",
       "      <td>50.90</td>\n",
       "      <td>16.45</td>\n",
       "      <td>0.00</td>\n",
       "      <td>15.30</td>\n",
       "      <td>22.80</td>\n",
       "      <td>50.95</td>\n",
       "      <td>3.90</td>\n",
       "      <td>48.60</td>\n",
       "      <td>50.15</td>\n",
       "      <td>48.75</td>\n",
       "      <td>48.95</td>\n",
       "      <td>48.15</td>\n",
       "      <td>50.05</td>\n",
       "      <td>48.75</td>\n",
       "      <td>12.25</td>\n",
       "      <td>50.95</td>\n",
       "      <td>49.65</td>\n",
       "      <td>6.75</td>\n",
       "      <td>51.10</td>\n",
       "    </tr>\n",
       "    <tr>\n",
       "      <th>E</th>\n",
       "      <td>51.30</td>\n",
       "      <td>51.60</td>\n",
       "      <td>31.75</td>\n",
       "      <td>15.30</td>\n",
       "      <td>0.00</td>\n",
       "      <td>7.50</td>\n",
       "      <td>51.65</td>\n",
       "      <td>11.40</td>\n",
       "      <td>49.50</td>\n",
       "      <td>50.55</td>\n",
       "      <td>49.85</td>\n",
       "      <td>50.45</td>\n",
       "      <td>49.55</td>\n",
       "      <td>50.55</td>\n",
       "      <td>49.95</td>\n",
       "      <td>27.55</td>\n",
       "      <td>51.25</td>\n",
       "      <td>50.35</td>\n",
       "      <td>22.05</td>\n",
       "      <td>51.10</td>\n",
       "    </tr>\n",
       "    <tr>\n",
       "      <th>F</th>\n",
       "      <td>50.20</td>\n",
       "      <td>51.90</td>\n",
       "      <td>39.25</td>\n",
       "      <td>22.80</td>\n",
       "      <td>7.50</td>\n",
       "      <td>0.00</td>\n",
       "      <td>51.95</td>\n",
       "      <td>18.90</td>\n",
       "      <td>48.60</td>\n",
       "      <td>49.15</td>\n",
       "      <td>48.85</td>\n",
       "      <td>49.25</td>\n",
       "      <td>48.65</td>\n",
       "      <td>51.15</td>\n",
       "      <td>48.85</td>\n",
       "      <td>35.05</td>\n",
       "      <td>51.55</td>\n",
       "      <td>48.95</td>\n",
       "      <td>29.55</td>\n",
       "      <td>50.90</td>\n",
       "    </tr>\n",
       "    <tr>\n",
       "      <th>G</th>\n",
       "      <td>36.75</td>\n",
       "      <td>0.55</td>\n",
       "      <td>51.00</td>\n",
       "      <td>50.95</td>\n",
       "      <td>51.65</td>\n",
       "      <td>51.95</td>\n",
       "      <td>0.00</td>\n",
       "      <td>51.05</td>\n",
       "      <td>48.35</td>\n",
       "      <td>48.60</td>\n",
       "      <td>48.40</td>\n",
       "      <td>48.10</td>\n",
       "      <td>48.60</td>\n",
       "      <td>9.10</td>\n",
       "      <td>48.50</td>\n",
       "      <td>51.50</td>\n",
       "      <td>4.30</td>\n",
       "      <td>48.50</td>\n",
       "      <td>51.70</td>\n",
       "      <td>18.75</td>\n",
       "    </tr>\n",
       "    <tr>\n",
       "      <th>H</th>\n",
       "      <td>51.60</td>\n",
       "      <td>51.10</td>\n",
       "      <td>20.35</td>\n",
       "      <td>3.90</td>\n",
       "      <td>11.40</td>\n",
       "      <td>18.90</td>\n",
       "      <td>51.05</td>\n",
       "      <td>0.00</td>\n",
       "      <td>49.40</td>\n",
       "      <td>50.75</td>\n",
       "      <td>49.55</td>\n",
       "      <td>49.95</td>\n",
       "      <td>48.95</td>\n",
       "      <td>50.25</td>\n",
       "      <td>49.55</td>\n",
       "      <td>16.15</td>\n",
       "      <td>50.95</td>\n",
       "      <td>50.45</td>\n",
       "      <td>10.65</td>\n",
       "      <td>51.80</td>\n",
       "    </tr>\n",
       "    <tr>\n",
       "      <th>I</th>\n",
       "      <td>49.90</td>\n",
       "      <td>48.80</td>\n",
       "      <td>50.25</td>\n",
       "      <td>48.60</td>\n",
       "      <td>49.50</td>\n",
       "      <td>48.60</td>\n",
       "      <td>48.35</td>\n",
       "      <td>49.40</td>\n",
       "      <td>0.00</td>\n",
       "      <td>27.45</td>\n",
       "      <td>3.45</td>\n",
       "      <td>6.95</td>\n",
       "      <td>10.25</td>\n",
       "      <td>48.55</td>\n",
       "      <td>3.75</td>\n",
       "      <td>49.55</td>\n",
       "      <td>48.45</td>\n",
       "      <td>23.25</td>\n",
       "      <td>48.95</td>\n",
       "      <td>48.90</td>\n",
       "    </tr>\n",
       "    <tr>\n",
       "      <th>J</th>\n",
       "      <td>50.95</td>\n",
       "      <td>48.95</td>\n",
       "      <td>51.40</td>\n",
       "      <td>50.15</td>\n",
       "      <td>50.55</td>\n",
       "      <td>49.15</td>\n",
       "      <td>48.60</td>\n",
       "      <td>50.75</td>\n",
       "      <td>27.45</td>\n",
       "      <td>0.00</td>\n",
       "      <td>24.00</td>\n",
       "      <td>20.50</td>\n",
       "      <td>17.20</td>\n",
       "      <td>48.20</td>\n",
       "      <td>23.70</td>\n",
       "      <td>51.50</td>\n",
       "      <td>48.80</td>\n",
       "      <td>4.20</td>\n",
       "      <td>51.50</td>\n",
       "      <td>50.55</td>\n",
       "    </tr>\n",
       "    <tr>\n",
       "      <th>K</th>\n",
       "      <td>50.65</td>\n",
       "      <td>48.85</td>\n",
       "      <td>50.30</td>\n",
       "      <td>48.75</td>\n",
       "      <td>49.85</td>\n",
       "      <td>48.85</td>\n",
       "      <td>48.40</td>\n",
       "      <td>49.55</td>\n",
       "      <td>3.45</td>\n",
       "      <td>24.00</td>\n",
       "      <td>0.00</td>\n",
       "      <td>3.50</td>\n",
       "      <td>6.80</td>\n",
       "      <td>48.30</td>\n",
       "      <td>0.30</td>\n",
       "      <td>49.90</td>\n",
       "      <td>48.50</td>\n",
       "      <td>19.80</td>\n",
       "      <td>49.30</td>\n",
       "      <td>49.25</td>\n",
       "    </tr>\n",
       "    <tr>\n",
       "      <th>L</th>\n",
       "      <td>50.95</td>\n",
       "      <td>48.55</td>\n",
       "      <td>50.30</td>\n",
       "      <td>48.95</td>\n",
       "      <td>50.45</td>\n",
       "      <td>49.25</td>\n",
       "      <td>48.10</td>\n",
       "      <td>49.95</td>\n",
       "      <td>6.95</td>\n",
       "      <td>20.50</td>\n",
       "      <td>3.50</td>\n",
       "      <td>0.00</td>\n",
       "      <td>3.30</td>\n",
       "      <td>47.60</td>\n",
       "      <td>3.20</td>\n",
       "      <td>50.10</td>\n",
       "      <td>48.30</td>\n",
       "      <td>16.30</td>\n",
       "      <td>49.70</td>\n",
       "      <td>49.65</td>\n",
       "    </tr>\n",
       "    <tr>\n",
       "      <th>M</th>\n",
       "      <td>51.05</td>\n",
       "      <td>49.05</td>\n",
       "      <td>49.90</td>\n",
       "      <td>48.15</td>\n",
       "      <td>49.55</td>\n",
       "      <td>48.65</td>\n",
       "      <td>48.60</td>\n",
       "      <td>48.95</td>\n",
       "      <td>10.25</td>\n",
       "      <td>17.20</td>\n",
       "      <td>6.80</td>\n",
       "      <td>3.30</td>\n",
       "      <td>0.00</td>\n",
       "      <td>48.20</td>\n",
       "      <td>6.50</td>\n",
       "      <td>49.60</td>\n",
       "      <td>48.70</td>\n",
       "      <td>13.00</td>\n",
       "      <td>49.10</td>\n",
       "      <td>50.05</td>\n",
       "    </tr>\n",
       "    <tr>\n",
       "      <th>N</th>\n",
       "      <td>45.85</td>\n",
       "      <td>9.65</td>\n",
       "      <td>50.20</td>\n",
       "      <td>50.05</td>\n",
       "      <td>50.55</td>\n",
       "      <td>51.15</td>\n",
       "      <td>9.10</td>\n",
       "      <td>50.25</td>\n",
       "      <td>48.55</td>\n",
       "      <td>48.20</td>\n",
       "      <td>48.30</td>\n",
       "      <td>47.60</td>\n",
       "      <td>48.20</td>\n",
       "      <td>0.00</td>\n",
       "      <td>48.30</td>\n",
       "      <td>51.10</td>\n",
       "      <td>13.40</td>\n",
       "      <td>48.30</td>\n",
       "      <td>50.90</td>\n",
       "      <td>27.85</td>\n",
       "    </tr>\n",
       "    <tr>\n",
       "      <th>O</th>\n",
       "      <td>50.75</td>\n",
       "      <td>48.95</td>\n",
       "      <td>50.10</td>\n",
       "      <td>48.75</td>\n",
       "      <td>49.95</td>\n",
       "      <td>48.85</td>\n",
       "      <td>48.50</td>\n",
       "      <td>49.55</td>\n",
       "      <td>3.75</td>\n",
       "      <td>23.70</td>\n",
       "      <td>0.30</td>\n",
       "      <td>3.20</td>\n",
       "      <td>6.50</td>\n",
       "      <td>48.30</td>\n",
       "      <td>0.00</td>\n",
       "      <td>49.70</td>\n",
       "      <td>48.60</td>\n",
       "      <td>19.50</td>\n",
       "      <td>49.30</td>\n",
       "      <td>49.25</td>\n",
       "    </tr>\n",
       "    <tr>\n",
       "      <th>P</th>\n",
       "      <td>51.45</td>\n",
       "      <td>51.35</td>\n",
       "      <td>4.20</td>\n",
       "      <td>12.25</td>\n",
       "      <td>27.55</td>\n",
       "      <td>35.05</td>\n",
       "      <td>51.50</td>\n",
       "      <td>16.15</td>\n",
       "      <td>49.55</td>\n",
       "      <td>51.50</td>\n",
       "      <td>49.90</td>\n",
       "      <td>50.10</td>\n",
       "      <td>49.60</td>\n",
       "      <td>51.10</td>\n",
       "      <td>49.70</td>\n",
       "      <td>0.00</td>\n",
       "      <td>51.20</td>\n",
       "      <td>51.10</td>\n",
       "      <td>5.50</td>\n",
       "      <td>51.35</td>\n",
       "    </tr>\n",
       "    <tr>\n",
       "      <th>Q</th>\n",
       "      <td>32.45</td>\n",
       "      <td>3.75</td>\n",
       "      <td>50.90</td>\n",
       "      <td>50.95</td>\n",
       "      <td>51.25</td>\n",
       "      <td>51.55</td>\n",
       "      <td>4.30</td>\n",
       "      <td>50.95</td>\n",
       "      <td>48.45</td>\n",
       "      <td>48.80</td>\n",
       "      <td>48.50</td>\n",
       "      <td>48.30</td>\n",
       "      <td>48.70</td>\n",
       "      <td>13.40</td>\n",
       "      <td>48.60</td>\n",
       "      <td>51.20</td>\n",
       "      <td>0.00</td>\n",
       "      <td>48.60</td>\n",
       "      <td>51.30</td>\n",
       "      <td>14.45</td>\n",
       "    </tr>\n",
       "    <tr>\n",
       "      <th>R</th>\n",
       "      <td>51.15</td>\n",
       "      <td>48.95</td>\n",
       "      <td>50.90</td>\n",
       "      <td>49.65</td>\n",
       "      <td>50.35</td>\n",
       "      <td>48.95</td>\n",
       "      <td>48.50</td>\n",
       "      <td>50.45</td>\n",
       "      <td>23.25</td>\n",
       "      <td>4.20</td>\n",
       "      <td>19.80</td>\n",
       "      <td>16.30</td>\n",
       "      <td>13.00</td>\n",
       "      <td>48.30</td>\n",
       "      <td>19.50</td>\n",
       "      <td>51.10</td>\n",
       "      <td>48.60</td>\n",
       "      <td>0.00</td>\n",
       "      <td>50.90</td>\n",
       "      <td>50.45</td>\n",
       "    </tr>\n",
       "    <tr>\n",
       "      <th>S</th>\n",
       "      <td>51.05</td>\n",
       "      <td>51.55</td>\n",
       "      <td>9.70</td>\n",
       "      <td>6.75</td>\n",
       "      <td>22.05</td>\n",
       "      <td>29.55</td>\n",
       "      <td>51.70</td>\n",
       "      <td>10.65</td>\n",
       "      <td>48.95</td>\n",
       "      <td>51.50</td>\n",
       "      <td>49.30</td>\n",
       "      <td>49.70</td>\n",
       "      <td>49.10</td>\n",
       "      <td>50.90</td>\n",
       "      <td>49.30</td>\n",
       "      <td>5.50</td>\n",
       "      <td>51.30</td>\n",
       "      <td>50.90</td>\n",
       "      <td>0.00</td>\n",
       "      <td>51.35</td>\n",
       "    </tr>\n",
       "    <tr>\n",
       "      <th>T</th>\n",
       "      <td>18.00</td>\n",
       "      <td>18.20</td>\n",
       "      <td>51.65</td>\n",
       "      <td>51.10</td>\n",
       "      <td>51.10</td>\n",
       "      <td>50.90</td>\n",
       "      <td>18.75</td>\n",
       "      <td>51.80</td>\n",
       "      <td>48.90</td>\n",
       "      <td>50.55</td>\n",
       "      <td>49.25</td>\n",
       "      <td>49.65</td>\n",
       "      <td>50.05</td>\n",
       "      <td>27.85</td>\n",
       "      <td>49.25</td>\n",
       "      <td>51.35</td>\n",
       "      <td>14.45</td>\n",
       "      <td>50.45</td>\n",
       "      <td>51.35</td>\n",
       "      <td>0.00</td>\n",
       "    </tr>\n",
       "  </tbody>\n",
       "</table>\n",
       "</div>"
      ],
      "text/plain": [
       "       A      B      C      D      E      F      G      H      I      J  \\\n",
       "A   0.00  36.20  52.25  51.40  51.30  50.20  36.75  51.60  49.90  50.95   \n",
       "B  36.20   0.00  50.85  50.90  51.60  51.90   0.55  51.10  48.80  48.95   \n",
       "C  52.25  50.85   0.00  16.45  31.75  39.25  51.00  20.35  50.25  51.40   \n",
       "D  51.40  50.90  16.45   0.00  15.30  22.80  50.95   3.90  48.60  50.15   \n",
       "E  51.30  51.60  31.75  15.30   0.00   7.50  51.65  11.40  49.50  50.55   \n",
       "F  50.20  51.90  39.25  22.80   7.50   0.00  51.95  18.90  48.60  49.15   \n",
       "G  36.75   0.55  51.00  50.95  51.65  51.95   0.00  51.05  48.35  48.60   \n",
       "H  51.60  51.10  20.35   3.90  11.40  18.90  51.05   0.00  49.40  50.75   \n",
       "I  49.90  48.80  50.25  48.60  49.50  48.60  48.35  49.40   0.00  27.45   \n",
       "J  50.95  48.95  51.40  50.15  50.55  49.15  48.60  50.75  27.45   0.00   \n",
       "K  50.65  48.85  50.30  48.75  49.85  48.85  48.40  49.55   3.45  24.00   \n",
       "L  50.95  48.55  50.30  48.95  50.45  49.25  48.10  49.95   6.95  20.50   \n",
       "M  51.05  49.05  49.90  48.15  49.55  48.65  48.60  48.95  10.25  17.20   \n",
       "N  45.85   9.65  50.20  50.05  50.55  51.15   9.10  50.25  48.55  48.20   \n",
       "O  50.75  48.95  50.10  48.75  49.95  48.85  48.50  49.55   3.75  23.70   \n",
       "P  51.45  51.35   4.20  12.25  27.55  35.05  51.50  16.15  49.55  51.50   \n",
       "Q  32.45   3.75  50.90  50.95  51.25  51.55   4.30  50.95  48.45  48.80   \n",
       "R  51.15  48.95  50.90  49.65  50.35  48.95  48.50  50.45  23.25   4.20   \n",
       "S  51.05  51.55   9.70   6.75  22.05  29.55  51.70  10.65  48.95  51.50   \n",
       "T  18.00  18.20  51.65  51.10  51.10  50.90  18.75  51.80  48.90  50.55   \n",
       "\n",
       "       K      L      M      N      O      P      Q      R      S      T  \n",
       "A  50.65  50.95  51.05  45.85  50.75  51.45  32.45  51.15  51.05  18.00  \n",
       "B  48.85  48.55  49.05   9.65  48.95  51.35   3.75  48.95  51.55  18.20  \n",
       "C  50.30  50.30  49.90  50.20  50.10   4.20  50.90  50.90   9.70  51.65  \n",
       "D  48.75  48.95  48.15  50.05  48.75  12.25  50.95  49.65   6.75  51.10  \n",
       "E  49.85  50.45  49.55  50.55  49.95  27.55  51.25  50.35  22.05  51.10  \n",
       "F  48.85  49.25  48.65  51.15  48.85  35.05  51.55  48.95  29.55  50.90  \n",
       "G  48.40  48.10  48.60   9.10  48.50  51.50   4.30  48.50  51.70  18.75  \n",
       "H  49.55  49.95  48.95  50.25  49.55  16.15  50.95  50.45  10.65  51.80  \n",
       "I   3.45   6.95  10.25  48.55   3.75  49.55  48.45  23.25  48.95  48.90  \n",
       "J  24.00  20.50  17.20  48.20  23.70  51.50  48.80   4.20  51.50  50.55  \n",
       "K   0.00   3.50   6.80  48.30   0.30  49.90  48.50  19.80  49.30  49.25  \n",
       "L   3.50   0.00   3.30  47.60   3.20  50.10  48.30  16.30  49.70  49.65  \n",
       "M   6.80   3.30   0.00  48.20   6.50  49.60  48.70  13.00  49.10  50.05  \n",
       "N  48.30  47.60  48.20   0.00  48.30  51.10  13.40  48.30  50.90  27.85  \n",
       "O   0.30   3.20   6.50  48.30   0.00  49.70  48.60  19.50  49.30  49.25  \n",
       "P  49.90  50.10  49.60  51.10  49.70   0.00  51.20  51.10   5.50  51.35  \n",
       "Q  48.50  48.30  48.70  13.40  48.60  51.20   0.00  48.60  51.30  14.45  \n",
       "R  19.80  16.30  13.00  48.30  19.50  51.10  48.60   0.00  50.90  50.45  \n",
       "S  49.30  49.70  49.10  50.90  49.30   5.50  51.30  50.90   0.00  51.35  \n",
       "T  49.25  49.65  50.05  27.85  49.25  51.35  14.45  50.45  51.35   0.00  "
      ]
     },
     "metadata": {},
     "output_type": "display_data"
    }
   ],
   "source": [
    "recomb_matrix = 100*compute_recombination_matrix(df_genotypes)\n",
    "recomb_matrix = recomb_matrix.astype(float)\n",
    "print(recomb_matrix.values.dtype) \n",
    "display(recomb_matrix.round(3))"
   ]
  },
  {
   "cell_type": "markdown",
   "id": "7dc02706-56e8-4160-ae80-10578816520b",
   "metadata": {},
   "source": [
    "### "
   ]
  },
  {
   "cell_type": "markdown",
   "id": "a29ff442-759f-4ac7-9151-533a623e0f3f",
   "metadata": {},
   "source": [
    "##### This will display the distance matrix of genes, grouped by the chromosomes they are on:"
   ]
  },
  {
   "cell_type": "code",
   "execution_count": 6,
   "id": "e6fed5f7-f173-449c-8445-b49b9ec84eec",
   "metadata": {},
   "outputs": [
    {
     "name": "stdout",
     "output_type": "stream",
     "text": [
      "Linking A-B with r=36.200\n",
      "Linking A-G with r=36.750\n",
      "Linking A-N with r=45.850\n",
      "Linking A-Q with r=32.450\n",
      "Linking A-T with r=18.000\n",
      "Linking B-G with r=0.550\n",
      "Linking B-N with r=9.650\n",
      "Linking B-Q with r=3.750\n",
      "Linking B-T with r=18.200\n",
      "Linking C-D with r=16.450\n",
      "Linking C-E with r=31.750\n",
      "Linking C-F with r=39.250\n",
      "Linking C-H with r=20.350\n",
      "Linking C-P with r=4.200\n",
      "Linking C-S with r=9.700\n",
      "Linking D-E with r=15.300\n",
      "Linking D-F with r=22.800\n",
      "Linking D-H with r=3.900\n",
      "Linking D-P with r=12.250\n",
      "Linking D-S with r=6.750\n",
      "Linking E-F with r=7.500\n",
      "Linking E-H with r=11.400\n",
      "Linking E-P with r=27.550\n",
      "Linking E-S with r=22.050\n",
      "Linking F-H with r=18.900\n",
      "Linking F-P with r=35.050\n",
      "Linking F-S with r=29.550\n",
      "Linking G-N with r=9.100\n",
      "Linking G-Q with r=4.300\n",
      "Linking G-T with r=18.750\n",
      "Linking H-P with r=16.150\n",
      "Linking H-S with r=10.650\n",
      "Linking I-J with r=27.450\n",
      "Linking I-K with r=3.450\n",
      "Linking I-L with r=6.950\n",
      "Linking I-M with r=10.250\n",
      "Linking I-O with r=3.750\n",
      "Linking I-R with r=23.250\n",
      "Linking J-K with r=24.000\n",
      "Linking J-L with r=20.500\n",
      "Linking J-M with r=17.200\n",
      "Linking J-O with r=23.700\n",
      "Linking J-R with r=4.200\n",
      "Linking K-L with r=3.500\n",
      "Linking K-M with r=6.800\n",
      "Linking K-O with r=0.300\n",
      "Linking K-R with r=19.800\n",
      "Linking L-M with r=3.300\n",
      "Linking L-O with r=3.200\n",
      "Linking L-R with r=16.300\n",
      "Linking M-O with r=6.500\n",
      "Linking M-R with r=13.000\n",
      "Linking N-Q with r=13.400\n",
      "Linking N-T with r=27.850\n",
      "Linking O-R with r=19.500\n",
      "Linking P-S with r=5.500\n",
      "Linking Q-T with r=14.450\n"
     ]
    },
    {
     "data": {
      "text/html": [
       "<div style='display: inline-block; margin-right: 30px; vertical-align: top'><h4>Chr1</h4><table border=\"1\" class=\"dataframe\">\n",
       "  <thead>\n",
       "    <tr style=\"text-align: right;\">\n",
       "      <th></th>\n",
       "      <th>A</th>\n",
       "      <th>B</th>\n",
       "      <th>G</th>\n",
       "      <th>N</th>\n",
       "      <th>Q</th>\n",
       "      <th>T</th>\n",
       "    </tr>\n",
       "  </thead>\n",
       "  <tbody>\n",
       "    <tr>\n",
       "      <th>A</th>\n",
       "      <td>0.0</td>\n",
       "      <td>36.2</td>\n",
       "      <td>36.8</td>\n",
       "      <td>45.8</td>\n",
       "      <td>32.4</td>\n",
       "      <td>18.0</td>\n",
       "    </tr>\n",
       "    <tr>\n",
       "      <th>B</th>\n",
       "      <td>36.2</td>\n",
       "      <td>0.0</td>\n",
       "      <td>0.5</td>\n",
       "      <td>9.6</td>\n",
       "      <td>3.8</td>\n",
       "      <td>18.2</td>\n",
       "    </tr>\n",
       "    <tr>\n",
       "      <th>G</th>\n",
       "      <td>36.8</td>\n",
       "      <td>0.5</td>\n",
       "      <td>0.0</td>\n",
       "      <td>9.1</td>\n",
       "      <td>4.3</td>\n",
       "      <td>18.8</td>\n",
       "    </tr>\n",
       "    <tr>\n",
       "      <th>N</th>\n",
       "      <td>45.8</td>\n",
       "      <td>9.6</td>\n",
       "      <td>9.1</td>\n",
       "      <td>0.0</td>\n",
       "      <td>13.4</td>\n",
       "      <td>27.8</td>\n",
       "    </tr>\n",
       "    <tr>\n",
       "      <th>Q</th>\n",
       "      <td>32.4</td>\n",
       "      <td>3.8</td>\n",
       "      <td>4.3</td>\n",
       "      <td>13.4</td>\n",
       "      <td>0.0</td>\n",
       "      <td>14.4</td>\n",
       "    </tr>\n",
       "    <tr>\n",
       "      <th>T</th>\n",
       "      <td>18.0</td>\n",
       "      <td>18.2</td>\n",
       "      <td>18.8</td>\n",
       "      <td>27.8</td>\n",
       "      <td>14.4</td>\n",
       "      <td>0.0</td>\n",
       "    </tr>\n",
       "  </tbody>\n",
       "</table></div><div style='display: inline-block; margin-right: 30px; vertical-align: top'><h4>Chr2</h4><table border=\"1\" class=\"dataframe\">\n",
       "  <thead>\n",
       "    <tr style=\"text-align: right;\">\n",
       "      <th></th>\n",
       "      <th>C</th>\n",
       "      <th>D</th>\n",
       "      <th>E</th>\n",
       "      <th>F</th>\n",
       "      <th>H</th>\n",
       "      <th>P</th>\n",
       "      <th>S</th>\n",
       "    </tr>\n",
       "  </thead>\n",
       "  <tbody>\n",
       "    <tr>\n",
       "      <th>C</th>\n",
       "      <td>0.0</td>\n",
       "      <td>16.4</td>\n",
       "      <td>31.8</td>\n",
       "      <td>39.2</td>\n",
       "      <td>20.3</td>\n",
       "      <td>4.2</td>\n",
       "      <td>9.7</td>\n",
       "    </tr>\n",
       "    <tr>\n",
       "      <th>D</th>\n",
       "      <td>16.4</td>\n",
       "      <td>0.0</td>\n",
       "      <td>15.3</td>\n",
       "      <td>22.8</td>\n",
       "      <td>3.9</td>\n",
       "      <td>12.2</td>\n",
       "      <td>6.8</td>\n",
       "    </tr>\n",
       "    <tr>\n",
       "      <th>E</th>\n",
       "      <td>31.8</td>\n",
       "      <td>15.3</td>\n",
       "      <td>0.0</td>\n",
       "      <td>7.5</td>\n",
       "      <td>11.4</td>\n",
       "      <td>27.6</td>\n",
       "      <td>22.0</td>\n",
       "    </tr>\n",
       "    <tr>\n",
       "      <th>F</th>\n",
       "      <td>39.2</td>\n",
       "      <td>22.8</td>\n",
       "      <td>7.5</td>\n",
       "      <td>0.0</td>\n",
       "      <td>18.9</td>\n",
       "      <td>35.0</td>\n",
       "      <td>29.6</td>\n",
       "    </tr>\n",
       "    <tr>\n",
       "      <th>H</th>\n",
       "      <td>20.3</td>\n",
       "      <td>3.9</td>\n",
       "      <td>11.4</td>\n",
       "      <td>18.9</td>\n",
       "      <td>0.0</td>\n",
       "      <td>16.2</td>\n",
       "      <td>10.6</td>\n",
       "    </tr>\n",
       "    <tr>\n",
       "      <th>P</th>\n",
       "      <td>4.2</td>\n",
       "      <td>12.2</td>\n",
       "      <td>27.6</td>\n",
       "      <td>35.0</td>\n",
       "      <td>16.2</td>\n",
       "      <td>0.0</td>\n",
       "      <td>5.5</td>\n",
       "    </tr>\n",
       "    <tr>\n",
       "      <th>S</th>\n",
       "      <td>9.7</td>\n",
       "      <td>6.8</td>\n",
       "      <td>22.0</td>\n",
       "      <td>29.6</td>\n",
       "      <td>10.6</td>\n",
       "      <td>5.5</td>\n",
       "      <td>0.0</td>\n",
       "    </tr>\n",
       "  </tbody>\n",
       "</table></div><div style='display: inline-block; margin-right: 30px; vertical-align: top'><h4>Chr3</h4><table border=\"1\" class=\"dataframe\">\n",
       "  <thead>\n",
       "    <tr style=\"text-align: right;\">\n",
       "      <th></th>\n",
       "      <th>I</th>\n",
       "      <th>J</th>\n",
       "      <th>K</th>\n",
       "      <th>L</th>\n",
       "      <th>M</th>\n",
       "      <th>O</th>\n",
       "      <th>R</th>\n",
       "    </tr>\n",
       "  </thead>\n",
       "  <tbody>\n",
       "    <tr>\n",
       "      <th>I</th>\n",
       "      <td>0.0</td>\n",
       "      <td>27.4</td>\n",
       "      <td>3.4</td>\n",
       "      <td>7.0</td>\n",
       "      <td>10.2</td>\n",
       "      <td>3.8</td>\n",
       "      <td>23.2</td>\n",
       "    </tr>\n",
       "    <tr>\n",
       "      <th>J</th>\n",
       "      <td>27.4</td>\n",
       "      <td>0.0</td>\n",
       "      <td>24.0</td>\n",
       "      <td>20.5</td>\n",
       "      <td>17.2</td>\n",
       "      <td>23.7</td>\n",
       "      <td>4.2</td>\n",
       "    </tr>\n",
       "    <tr>\n",
       "      <th>K</th>\n",
       "      <td>3.4</td>\n",
       "      <td>24.0</td>\n",
       "      <td>0.0</td>\n",
       "      <td>3.5</td>\n",
       "      <td>6.8</td>\n",
       "      <td>0.3</td>\n",
       "      <td>19.8</td>\n",
       "    </tr>\n",
       "    <tr>\n",
       "      <th>L</th>\n",
       "      <td>7.0</td>\n",
       "      <td>20.5</td>\n",
       "      <td>3.5</td>\n",
       "      <td>0.0</td>\n",
       "      <td>3.3</td>\n",
       "      <td>3.2</td>\n",
       "      <td>16.3</td>\n",
       "    </tr>\n",
       "    <tr>\n",
       "      <th>M</th>\n",
       "      <td>10.2</td>\n",
       "      <td>17.2</td>\n",
       "      <td>6.8</td>\n",
       "      <td>3.3</td>\n",
       "      <td>0.0</td>\n",
       "      <td>6.5</td>\n",
       "      <td>13.0</td>\n",
       "    </tr>\n",
       "    <tr>\n",
       "      <th>O</th>\n",
       "      <td>3.8</td>\n",
       "      <td>23.7</td>\n",
       "      <td>0.3</td>\n",
       "      <td>3.2</td>\n",
       "      <td>6.5</td>\n",
       "      <td>0.0</td>\n",
       "      <td>19.5</td>\n",
       "    </tr>\n",
       "    <tr>\n",
       "      <th>R</th>\n",
       "      <td>23.2</td>\n",
       "      <td>4.2</td>\n",
       "      <td>19.8</td>\n",
       "      <td>16.3</td>\n",
       "      <td>13.0</td>\n",
       "      <td>19.5</td>\n",
       "      <td>0.0</td>\n",
       "    </tr>\n",
       "  </tbody>\n",
       "</table></div>"
      ],
      "text/plain": [
       "<IPython.core.display.HTML object>"
      ]
     },
     "metadata": {},
     "output_type": "display_data"
    }
   ],
   "source": [
    "groups = group_loci_by_linkage(recomb_matrix)\n",
    "chrom_matrices = get_chromosome_matrices(recomb_matrix, groups)\n",
    "display_chromosome_matrices(chrom_matrices)"
   ]
  },
  {
   "cell_type": "code",
   "execution_count": 7,
   "id": "994ff74c-7ee2-4c8a-b213-29d518b1b4ee",
   "metadata": {},
   "outputs": [
    {
     "name": "stdout",
     "output_type": "stream",
     "text": [
      "Mapped positions:\n",
      "A: 2.15 cM\n",
      "B: 38.35 cM\n",
      "G: 38.85 cM\n",
      "N: 47.95 cM\n",
      "Q: 34.55 cM\n",
      "T: 20.15 cM\n",
      "\n",
      "Total absolute error: 0.2\n",
      "Mapped positions:\n",
      "C: 41.66 cM\n",
      "D: 25.26 cM\n",
      "E: 9.96 cM\n",
      "F: 2.46 cM\n",
      "H: 21.36 cM\n",
      "P: 37.46 cM\n",
      "S: 31.96 cM\n",
      "\n",
      "Total absolute error: 0.5\n",
      "Mapped positions:\n",
      "I: 13.77 cM\n",
      "J: 41.17 cM\n",
      "K: 17.17 cM\n",
      "L: 20.67 cM\n",
      "M: 23.97 cM\n",
      "O: 17.47 cM\n",
      "R: 36.97 cM\n",
      "\n",
      "Total absolute error: 0.2\n"
     ]
    },
    {
     "data": {
      "text/plain": [
       "array([13.76807083, 41.16807083, 17.16807083, 20.66807083, 23.96807083,\n",
       "       17.46807083, 36.96807083])"
      ]
     },
     "execution_count": 7,
     "metadata": {},
     "output_type": "execute_result"
    }
   ],
   "source": [
    "map_genes(chrom_matrices[\"Chr1\"])\n",
    "map_genes(chrom_matrices[\"Chr2\"])\n",
    "map_genes(chrom_matrices[\"Chr3\"])"
   ]
  },
  {
   "cell_type": "code",
   "execution_count": null,
   "id": "43fbc86f-737c-434b-925e-a82f598d2c3c",
   "metadata": {},
   "outputs": [],
   "source": []
  }
 ],
 "metadata": {
  "kernelspec": {
   "display_name": "Python 3 (ipykernel)",
   "language": "python",
   "name": "python3"
  },
  "language_info": {
   "codemirror_mode": {
    "name": "ipython",
    "version": 3
   },
   "file_extension": ".py",
   "mimetype": "text/x-python",
   "name": "python",
   "nbconvert_exporter": "python",
   "pygments_lexer": "ipython3",
   "version": "3.12.8"
  }
 },
 "nbformat": 4,
 "nbformat_minor": 5
}
